	A	R	N	D	C	Q	E	G	H	I	L	K	M	F	P	S	T	W	Y	V
A	#DIV/0!	0.249214659685864	0.118387909319899	0.120669056152927	#DIV/0!	0.167042889390519	0.180493273542601	0.092827004219409	0.115751789976134	0.137577002053388	0.263157894736842	0.223492723492723	0.169045005488474	0.15995115995116	0.116040955631399	0.135826771653543	0.202429149797571	0.082337317397078	0.180555555555556	0.227642276422764
R	0.239583333333333	#DIV/0!	0.178338001867414	0.186046511627907	#DIV/0!	0.378500451671183	0.396172248803828	0.120509849362688	0.11144578313253	0.052562417871222	0.078703703703704	0.580364900086881	0.081545064377682	0.05422446406053	0.167386609071274	0.215605749486653	0.22517911975435	0.042895442359249	0.096881959910913	0.06905055487053
N	0.219512195121951	0.432532347504621	#DIV/0!	0.432188065099458	#DIV/0!	0.36504854368932	0.408450704225352	0.377952755905512	0.242105263157895	0.048346055979644	0.111888111888112	0.398550724637681	0.093681917211329	0.070886075949367	0.329192546583851	0.531481481481481	0.360160965794769	0.072423398328691	0.121848739495798	0.076335877862596
D	0.159763313609467	0.317683881064163	0.28961038961039	#DIV/0!	#DIV/0!	0.271487039563438	0.48735632183908	0.207920792079208	0.083081570996979	0.052188552188552	0.058712121212121	0.384057971014493	0.054770318021201	0.054545454545455	0.25	0.255555555555556	0.255988023952096	0.041587901701323	0.066666666666667	0.087931034482759
C	#DIV/0!	#DIV/0!	#DIV/0!	#DIV/0!	#DIV/0!	#DIV/0!	#DIV/0!	#DIV/0!	#DIV/0!	#DIV/0!	#DIV/0!	#DIV/0!	#DIV/0!	#DIV/0!	#DIV/0!	#DIV/0!	#DIV/0!	#DIV/0!	#DIV/0!	#DIV/0!
Q	0.281362007168459	0.697933227344992	0.2784588441331	0.314475873544093	#DIV/0!	#DIV/0!	0.618131868131868	0.157598499061914	0.161458333333333	0.054655870445344	0.118613138686131	0.697976878612717	0.059748427672956	0.061965811965812	0.173598553345389	0.247863247863248	0.302583025830258	0.065606361829026	0.109259259259259	0.089866156787763
E	0.14300518134715	0.348576358930112	0.171532846715328	0.258212375859435	#DIV/0!	0.298711144806672	#DIV/0!	0.092091007583965	0.067722075637643	0.030892448512586	0.062850729517396	0.505367464905037	0.047094188376754	0.028473804100228	0.134479271991911	0.13658940397351	0.121621621621622	0.028312570781427	0.042842215256008	0.052459016393443
G	0.112157534246575	0.140786749482402	0.164267569856054	0.152094717668488	#DIV/0!	0.089230769230769	0.094890510948905	#DIV/0!	0.127236580516899	0.052570093457944	0.060718711276332	0.147769516728625	0.065101387406617	0.061889250814332	0.156028368794326	0.210714285714286	0.173520561685055	0.066799601196411	0.097118463180363	0.072510822510823
H	0.304347826086957	0.38563829787234	0.333333333333333	0.25748502994012	#DIV/0!	0.302949061662198	0.254189944134078	0.37	#DIV/0!	0.092857142857143	0.158620689655172	0.308868501529052	0.246913580246914	0.167630057803468	0.259868421052632	0.56441717791411	0.504322766570605	0.176666666666667	0.311557788944724	0.186206896551724
I	0.148993288590604	0.068910256410257	0.040257648953301	0.025974025974026	#DIV/0!	0.062600321027287	0.050713153724247	0.07	0.074850299401198	#DIV/0!	0.392113910186199	0.063517915309446	0.14390243902439	0.193865030674847	0.045307443365696	0.066091954022989	0.088520055325035	0.080775444264944	0.13371266002845	0.458207452165156
L	0.242424242424242	0.082508250825083	0.050632911392405	0.057644110275689	#DIV/0!	0.059071729957806	0.080045095828636	0.04375	0.065476190476191	0.255737704918033	#DIV/0!	0.093952483801296	0.151919866444073	0.196132596685083	0.057579318448884	0.077097505668934	0.090062111801242	0.066521264994548	0.135021097046413	0.306868867082962
K	0.149136577708006	0.449330783938815	0.139416058394161	0.191653786707883	#DIV/0!	0.286486486486486	0.393509127789047	0.09412780656304	0.059328649492584	0.042186001917546	0.052092228864219	#DIV/0!	0.039636663914121	0.034164358264081	0.117046347211312	0.137751303052867	0.135004042037187	0.021780303030303	0.056444818871104	0.046328671328671
M	0.294589178356713	0.137931034482759	0.117647058823529	0.07847533632287	#DIV/0!	0.104166666666667	0.059496567505721	0.151098901098901	0.150537634408602	0.225325884543762	0.338815789473684	0.079569892473118	#DIV/0!	0.419117647058824	0.091517857142857	0.14604462474645	0.156652360515021	0.205816554809843	0.32967032967033	0.293577981651376
F	0.184745762711864	0.086142322097378	0.071984435797665	0.045368620037807	#DIV/0!	0.055028462998103	0.053803339517625	0.076782449725777	0.071207430340557	0.289256198347107	0.339943342776204	0.048923679060665	0.328380386329866	#DIV/0!	0.053846153846154	0.072026800670017	0.105902777777778	0.171770972037284	0.27460510328068	0.349606299212598
P	0.118758434547908	0.190684133915575	0.187878787878788	0.212449255751015	#DIV/0!	0.148703956343793	0.181472081218274	0.207736389684814	0.070175438596491	0.036544850498339	0.05685618729097	0.188579017264276	0.041543026706232	0.038251366120219	#DIV/0!	0.177897574123989	0.159420289855072	0.04029304029304	0.065810593900482	0.057017543859649
S	0.243125904486252	0.339366515837104	0.368045649072753	0.273239436619718	#DIV/0!	0.264919941775837	0.241987179487179	0.322627737226277	0.263910969793323	0.065180102915952	0.113553113553114	0.323717948717949	0.103503184713376	0.080536912751678	0.251655629139073	#DIV/0!	0.424657534246575	0.085148514851485	0.144736842105263	0.12046204620462
T	0.256906077348066	0.32383808095952	0.258670520231214	0.200879765395894	#DIV/0!	0.28343949044586	0.245142002989537	0.194304857621441	0.195688225538972	0.090778097982709	0.149476831091181	0.283309957924264	0.138686131386861	0.113438045375218	0.195522388059701	0.401785714285714	#DIV/0!	0.117647058823529	0.178515007898894	0.155882352941176
W	0.433526011560694	0.203208556149733	0.184971098265896	0.134715025906736	#DIV/0!	0.198019801980198	0.118811881188119	0.23175965665236	0.276381909547739	0.267379679144385	0.338164251207729	0.136842105263158	0.616071428571429	0.558823529411765	0.1875	0.310344827586207	0.280952380952381	#DIV/0!	0.583586626139818	0.38265306122449
Y	0.360416666666667	0.226600985221675	0.161057692307692	0.13625304136253	#DIV/0!	0.150627615062762	0.127659574468085	0.153465346534653	0.24126455906822	0.206543967280164	0.29253112033195	0.13953488372093	0.415800415800416	0.413589364844904	0.104878048780488	0.218978102189781	0.301518438177874	0.247491638795987	#DIV/0!	0.332640332640333
V	0.254857142857143	0.09585121602289	0.064516129032258	0.06056129985229	#DIV/0!	0.058992805755396	0.072678331090175	0.070323488045007	0.067771084337349	0.395814376706096	0.317277486910995	0.072135785007072	0.139380530973451	0.214452214452214	0.064476885644769	0.078534031413613	0.097852028639618	0.070921985815603	0.176403207331042	#DIV/0!
