	A	R	N	D	C	Q	E	G	H	I	L	K	M	F	P	S	T	W	Y	V
A	#DIV/0!	0.227748691099476	0.100737100737101	0.119221411192214	#DIV/0!	0.120418848167539	0.134052388289676	0.115384615384615	0.063025210084034	0.110266159695817	0.211832061068702	0.167652859960552	0.109704641350211	0.078947368421053	0.096837944664032	0.07427341227126	0.122073578595318	0.05	0.15989847715736	0.154083204930663
R	0.16403162055336	#DIV/0!	0.101663585951941	0.134297520661157	#DIV/0!	0.168195718654434	0.261829652996845	0.1171875	0.058741258741259	0.047413793103448	0.071428571428572	0.331506849315068	0.052854122621565	0.040080160320641	0.116803278688525	0.147810218978102	0.128888888888889	0.022964509394572	0.086497890295359	0.094488188976378
N	0.233333333333333	0.345047923322684	#DIV/0!	0.283018867924528	#DIV/0!	0.18342151675485	0.340248962655602	0.300970873786408	0.129287598944591	0.069958847736626	0.083636363636364	0.356902356902357	0.100694444444444	0.053846153846154	0.194029850746269	0.313624678663239	0.274576271186441	0.084388185654009	0.105263157894737	0.085603112840467
D	0.15359477124183	0.325227963525836	0.150300601202405	#DIV/0!	#DIV/0!	0.187878787878788	0.312	0.205128205128205	0.080357142857143	0.04270462633452	0.057823129251701	0.325443786982248	0.065868263473054	0.053872053872054	0.199395770392749	0.195278969957082	0.204081632653061	0.024615384615385	0.053511705685619	0.10377358490566
C	#DIV/0!	#DIV/0!	#DIV/0!	#DIV/0!	#DIV/0!	#DIV/0!	#DIV/0!	#DIV/0!	#DIV/0!	#DIV/0!	#DIV/0!	#DIV/0!	#DIV/0!	#DIV/0!	#DIV/0!	#DIV/0!	#DIV/0!	#DIV/0!	#DIV/0!	#DIV/0!
Q	0.231481481481481	0.501216545012166	0.120065789473684	0.278846153846154	#DIV/0!	#DIV/0!	0.507537688442211	0.133333333333333	0.122257053291536	0.071969696969697	0.134680134680135	0.521348314606742	0.096219931271478	0.071651090342679	0.115131578947368	0.190769230769231	0.21474358974359	0.045296167247387	0.108024691358025	0.093333333333333
E	0.105180533751962	0.2352	0.112050739957717	0.083212735166426	#DIV/0!	0.125340599455041	#DIV/0!	0.089935760171306	0.0464	0.031630170316302	0.073286052009456	0.32463295269168	0.048837209302326	0.043280182232346	0.128364389233954	0.093069306930693	0.14123006833713	0.041758241758242	0.057553956834532	0.059101654846336
G	0.071428571428572	0.13469387755102	0.087467362924282	0.108910891089109	#DIV/0!	0.093541202672606	0.133676092544987	#DIV/0!	0.069587628865979	0.056497175141243	0.061497326203209	0.144495412844037	0.051282051282051	0.068376068376068	0.15929203539823	0.091911764705882	0.095238095238095	0.042553191489362	0.074812967581047	0.068181818181818
H	0.323232323232323	0.301754385964912	0.301115241635688	0.165016501650165	#DIV/0!	0.284974093264249	0.254901960784314	0.37125748502994	#DIV/0!	0.162011173184358	0.176100628930818	0.300970873786408	0.270408163265306	0.150259067357513	0.25531914893617	0.463687150837989	0.485207100591716	0.152941176470588	0.223684210526316	0.206060606060606
I	0.156769596199525	0.086834733893558	0.054545454545455	0.044854881266491	#DIV/0!	0.051912568306011	0.069478908188586	0.044041450777202	0.055882352941177	#DIV/0!	0.237529691211401	0.087671232876712	0.112994350282486	0.150990099009901	0.064343163538874	0.054644808743169	0.077922077922078	0.049132947976879	0.098086124401914	0.25
L	0.168278529980658	0.085450346420323	0.062355658198614	0.048661800486618	#DIV/0!	0.053435114503817	0.064516129032258	0.072234762979684	0.061797752808989	0.114143920595533	#DIV/0!	0.083333333333333	0.10930576070901	0.111504424778761	0.080862533692722	0.085526315789474	0.079840319361278	0.054373522458629	0.086274509803922	0.161854768153981
K	0.110032362459547	0.194563662374821	0.08600583090379	0.125	#DIV/0!	0.101326899879373	0.237068965517241	0.113060428849903	0.039316239316239	0.041257367387033	0.062200956937799	#DIV/0!	0.057768924302789	0.031315240083507	0.121666666666667	0.088188976377953	0.096938775510204	0.024229074889868	0.06430155210643	0.055900621118013
M	0.292857142857143	0.160130718954248	0.135313531353135	0.06872852233677	#DIV/0!	0.123239436619718	0.107883817427386	0.120141342756184	0.144444444444444	0.194103194103194	0.225	0.162361623616236	#DIV/0!	0.275943396226415	0.084805653710247	0.151079136690647	0.167213114754098	0.109243697478992	0.215547703180212	0.259358288770053
F	0.284722222222222	0.115555555555556	0.089430894308943	0.072243346007605	#DIV/0!	0.085271317829457	0.096774193548387	0.171003717472119	0.120754716981132	0.259365994236311	0.391176470588235	0.108870967741935	0.24537037037037	#DIV/0!	0.07380073800738	0.134328358208955	0.158102766798419	0.075892857142857	0.123809523809524	0.341137123745819
P	0.085454545454546	0.188630490956072	0.124050632911392	0.123827392120075	#DIV/0!	0.073170731707317	0.107011070110701	0.180661577608143	0.069400630914827	0.041055718475073	0.077639751552795	0.160813308687616	0.083333333333333	0.064606741573034	#DIV/0!	0.138783269961977	0.139097744360902	0.052631578947369	0.078378378378378	0.087662337662338
S	0.185483870967742	0.289411764705882	0.202105263157895	0.17704280155642	#DIV/0!	0.187353629976581	0.219387755102041	0.233668341708543	0.10705596107056	0.066265060240964	0.11614730878187	0.236144578313253	0.096605744125326	0.105978260869565	0.187012987012987	#DIV/0!	0.219321148825065	0.074498567335244	0.09452736318408	0.091743119266055
T	0.180497925311203	0.266318537859008	0.143198090692124	0.187116564417178	#DIV/0!	0.182519280205656	0.242811501597444	0.171052631578947	0.110769230769231	0.078590785907859	0.133663366336634	0.234866828087167	0.10079575596817	0.108626198083067	0.182897862232779	0.199753390875462	#DIV/0!	0.05111821086262	0.155763239875389	0.097345132743363
W	0.477941176470588	0.231481481481481	0.322834645669291	0.261904761904762	#DIV/0!	0.239669421487603	0.211538461538462	0.24	0.3203125	0.273684210526316	0.366666666666667	0.209090909090909	0.5	0.51219512195122	0.285714285714286	0.336206896551724	0.379310344827586	#DIV/0!	0.514018691588785	0.392156862745098
Y	0.349557522123894	0.231111111111111	0.195	0.072398190045249	#DIV/0!	0.189473684210526	0.180094786729858	0.186363636363636	0.20655737704918	0.227678571428571	0.251012145748988	0.156565656565657	0.312	0.245641838351822	0.147410358565737	0.235807860262009	0.257425742574257	0.082758620689655	#DIV/0!	0.365853658536585
V	0.165441176470588	0.103864734299517	0.075242718446602	0.07808564231738	#DIV/0!	0.077625570776256	0.057934508816121	0.071428571428572	0.058968058968059	0.193227091633466	0.216161616161616	0.079136690647482	0.106779661016949	0.120527306967985	0.054794520547945	0.056689342403628	0.098159509202454	0.057644110275689	0.121212121212121	#DIV/0!
