	A	R	N	D	C	Q	E	G	H	I	L	K	M	F	P	S	T	W	Y	V
A	#DIV/0!	0.14375	0.077181208053691	0.091803278688525	#DIV/0!	0.112211221122112	0.112903225806452	0.075235109717868	0.064056939501779	0.083333333333333	0.118012422360248	0.132686084142395	0.080808080808081	0.050955414012739	0.046875	0.090032154340836	0.114649681528662	0.047872340425532	0.108196721311475	0.089171974522293
R	0.13030303030303	#DIV/0!	0.126760563380282	0.118694362017804	#DIV/0!	0.169871794871795	0.159468438538206	0.050314465408805	0.056603773584906	0.045751633986928	0.08256880733945	0.29940119760479	0.045016077170418	0.04	0.061764705882353	0.095081967213115	0.107142857142857	0.019354838709678	0.096551724137931	0.05521472392638
N	0.164772727272727	0.246231155778894	#DIV/0!	0.236111111111111	#DIV/0!	0.219101123595506	0.288557213930348	0.194871794871795	0.09452736318408	0.038095238095238	0.071428571428572	0.257009345794392	0.03921568627451	0.032608695652174	0.148717948717949	0.313636363636364	0.251396648044693	0.035353535353535	0.051813471502591	0.046153846153846
D	0.081395348837209	0.154166666666667	0.104651162790698	#DIV/0!	#DIV/0!	0.171806167400881	0.341269841269841	0.11864406779661	0.051282051282051	0.012820512820513	0.02734375	0.227642276422764	0.032921810699589	0.030172413793104	0.108786610878661	0.182142857142857	0.105058365758755	0.020242914979757	0.037974683544304	0.062256809338521
C	#DIV/0!	#DIV/0!	#DIV/0!	#DIV/0!	#DIV/0!	#DIV/0!	#DIV/0!	#DIV/0!	#DIV/0!	#DIV/0!	#DIV/0!	#DIV/0!	#DIV/0!	#DIV/0!	#DIV/0!	#DIV/0!	#DIV/0!	#DIV/0!	#DIV/0!	#DIV/0!
Q	0.12807881773399	0.420765027322404	0.140625	0.183168316831683	#DIV/0!	#DIV/0!	0.432558139534884	0.111111111111111	0.056410256410257	0.046632124352332	0.066326530612245	0.502439024390244	0.029556650246306	0.051643192488263	0.085714285714286	0.174603174603175	0.130434782608696	0.025773195876289	0.057142857142857	0.084507042253521
E	0.076246334310851	0.209876543209876	0.106666666666667	0.148648648648649	#DIV/0!	0.154340836012862	#DIV/0!	0.050793650793651	0.057432432432433	0.03525641025641	0.037383177570094	0.326984126984127	0.036414565826331	0.009708737864078	0.055384615384615	0.114285714285714	0.083870967741936	0.028070175438597	0.052117263843648	0.031055900621118
G	0.083094555873926	0.098039215686275	0.091891891891892	0.073170731707317	#DIV/0!	0.082191780821918	0.066666666666667	#DIV/0!	0.063888888888889	0.049689440993789	0.041420118343195	0.090062111801242	0.056213017751479	0.049382716049383	0.078212290502793	0.145772594752187	0.147058823529412	0.037142857142857	0.051282051282051	0.037383177570094
H	0.151898734177215	0.274809160305344	0.214285714285714	0.16030534351145	#DIV/0!	0.229007633587786	0.210191082802548	0.193939393939394	#DIV/0!	0.044444444444445	0.092105263157895	0.191082802547771	0.081481481481482	0.091743119266055	0.186567164179104	0.322147651006711	0.319727891156463	0.040650406504065	0.173913043478261	0.040816326530612
I	0.096491228070176	0.07563025210084	0.050632911392405	0.024691358024691	#DIV/0!	0.024193548387097	0.055555555555556	0.05	0.043103448275862	#DIV/0!	0.291338582677165	0.05982905982906	0.07177033492823	0.133828996282528	0.055084745762712	0.035573122529644	0.045454545454546	0.047430830039526	0.046808510638298	0.266666666666667
L	0.118343195266272	0.052264808362369	0.036923076923077	0.017361111111111	#DIV/0!	0.042613636363636	0.037037037037037	0.028662420382166	0.031161473087819	0.1625	#DIV/0!	0.068681318681319	0.111436950146628	0.095081967213115	0.023411371237458	0.032934131736527	0.053731343283582	0.032544378698225	0.077586206896552	0.172307692307692
K	0.087855297157623	0.18876404494382	0.072916666666667	0.107231920199501	#DIV/0!	0.126550868486352	0.225	0.043010752688172	0.039506172839506	0.039170506912442	0.02948402948403	#DIV/0!	0.02962962962963	0.023622047244095	0.038961038961039	0.090909090909091	0.092857142857143	0.011682242990654	0.031830238726791	0.054590570719603
M	0.209944751381215	0.105555555555556	0.045454545454546	0.016129032258065	#DIV/0!	0.040229885057471	0.03680981595092	0.074712643678161	0.052941176470588	0.203389830508475	0.261627906976744	0.088397790055249	#DIV/0!	0.209944751381215	0.062146892655367	0.068783068783069	0.095541401273885	0.07909604519774	0.176165803108808	0.196629213483146
F	0.173184357541899	0.074285714285714	0.03030303030303	0.035714285714286	#DIV/0!	0.054455445544555	0.034090909090909	0.040609137055838	0.036269430051814	0.184971098265896	0.3	0.027932960893855	0.161458333333333	#DIV/0!	0.029268292682927	0.07035175879397	0.083333333333333	0.100591715976331	0.160804020100503	0.277777777777778
P	0.069124423963134	0.104347826086957	0.092783505154639	0.106194690265487	#DIV/0!	0.085836909871245	0.086274509803922	0.134615384615385	0.056338028169014	0.024752475247525	0.05188679245283	0.171314741035857	0.022421524663677	0.022421524663677	#DIV/0!	0.127853881278539	0.13716814159292	0.020833333333333	0.05327868852459	0.043668122270742
S	0.122881355932203	0.176	0.19047619047619	0.138211382113821	#DIV/0!	0.163424124513619	0.149812734082397	0.158102766798419	0.099137931034483	0.043824701195219	0.038961038961039	0.209677419354839	0.070833333333333	0.054852320675106	0.134831460674157	#DIV/0!	0.314285714285714	0.04029304029304	0.070866141732284	0.088
T	0.137931034482759	0.233050847457627	0.156862745098039	0.16600790513834	#DIV/0!	0.10989010989011	0.175965665236052	0.133333333333333	0.131274131274131	0.054347826086957	0.081967213114754	0.192	0.051587301587302	0.068181818181818	0.082677165354331	0.263374485596708	#DIV/0!	0.04932735426009	0.110619469026549	0.081180811808118
W	0.289156626506024	0.22093023255814	0.13	0.072289156626506	#DIV/0!	0.166666666666667	0.113636363636364	0.261904761904762	0.193548387096774	0.227272727272727	0.379310344827586	0.114942528735632	0.404494382022472	0.319148936170213	0.055555555555556	0.136986301369863	0.283950617283951	#DIV/0!	0.341176470588235	0.333333333333333
Y	0.259259259259259	0.139175257731959	0.07185628742515	0.084269662921348	#DIV/0!	0.11377245508982	0.119205298013245	0.146067415730337	0.117283950617284	0.124401913875598	0.234567901234568	0.128491620111732	0.16374269005848	0.206896551724138	0.094972067039106	0.152173913043478	0.13953488372093	0.102702702702703	#DIV/0!	0.196261682242991
V	0.15884476534296	0.095406360424028	0.032	0.05726872246696	#DIV/0!	0.070866141732284	0.034883720930233	0.042145593869732	0.036290322580645	0.191489361702128	0.218867924528302	0.063670411985019	0.109929078014184	0.13671875	0.055084745762712	0.048689138576779	0.049618320610687	0.025089605734767	0.095406360424028	#DIV/0!
